reg-defaultNoGSR_regressors.1D: 0.998213137065132
reg-default_regressors.1D: 0.9984868166179897
