label-CSF_probseg: -0.0011685467326614264
label-WM_probseg: 0.9999999999999999
label-GM_probseg: 1.0000000000000002
