sbref: 0.9999999999999999
space-T1w_sbref: 0.9999999968497495
space-template_sbref: 0.9943548612723022
