space-template_sbref: 1.0000000000000002
sbref: 1.0
space-T1w_sbref: 1.0000000000000016
