desc-brain_bold: 0.9999999999999989
desc-mean_bold: 1.0
desc-motion_bold: 0.9999999999999994
