desc-head_T1w: 1.0
desc-brain_T1w: 0.9999999999999999
desc-reorient_T1w: 1.0
desc-preproc_T1w: 0.9999999999999999
